f : 
1   2   3   4   5   6   7   8   9   10   11   12   13   14   15   16   
2   3   4   5   6   7   8   9   0   1   2   3   4   5   6   7   
3   3   4   5   6   8   9   0   1   1   2   3   4   5   6   7   
4   3   4   5   6   8   9   0   1   1   2   3   4   5   6   7   
5   3   4   5   6   8   9   0   1   1   2   3   4   5   6   7   
6   3   4   5   6   8   9   0   1   1   2   3   4   5   6   7   
7   3   4   5   6   8   9   0   1   1   2   3   4   5   6   7   
8   3   4   5   6   8   9   0   1   1   2   3   4   5   6   7   

h : 
1   2   3   4   5   6   7   8   9   10   11   12   13   14   15   16   
2   0   0   0   0   0   9   0   1   2   3   4   5   6   7   1   
3   0   0   0   0   0   9   0   1   2   3   4   5   6   7   2   
4   3   4   5   6   8   9   0   1   1   2   3   4   5   6   7   
5   3   4   5   6   8   1   1   3   4   5   6   7   8   5   3   
6   0   0   0   0   0   9   0   1   2   3   4   5   6   7   4   
7   3   4   5   6   8   9   0   1   2   3   4   5   6   7   5   
8   0   0   0   0   0   9   0   1   2   3   4   5   6   7   6   

F : 
(4.88281,0)   (0.50274,-0.150664)   (-0.620519,0.988817)   (0.40196,0.304401)   (-0.335938,0.03125)   (-0.0075433,0.409525)   (0.0423938,-0.104933)   (-0.240907,0.141959)   (0.132813,-1.71211e-15)   (-0.240907,-0.141959)   (0.0423938,0.104933)   (-0.0075433,-0.409525)   (-0.335937,-0.03125)   (0.40196,-0.304401)   (-0.620519,-0.988817)   (0.50274,0.150664)   
(0.556583,0.0422985)   (-0.194602,0.478413)   (0.0832567,0.104013)   (-0.200053,0.108311)   (0.0318052,0.208812)   (-0.091355,-0.023531)   (-0.0943052,0.208812)   (0.00916625,-0.00530893)   (-0.156805,0.130687)   (0.0448241,0.0496966)   (-0.167854,0.03125)   (0.0125533,0.122923)   (-0.0786802,-0.0579235)   (-0.11177,0.0876014)   (0.0318052,-0.0202015)   (-0.174569,-0.258746)   
(0.523437,-0.015625)   (-0.164362,0.458479)   (0.0603744,0.0202015)   (-0.195825,0.117584)   (0.0546875,0.109375)   (-0.138623,-0.0264363)   (-0.034486,0.146312)   (-0.0514691,-0.0537312)   (-0.101563,0.109375)   (-0.00104127,-0.0343835)   (-0.138499,0.0422985)   (0.00832523,0.0161093)   (-0.101562,-0.046875)   (-0.0709738,0.00859041)   (-0.012389,-0.0525619)   (-0.136031,-0.298712)   
(0.490292,-0.0202015)   (-0.125823,0.435945)   (0.0161802,-0.00993811)   (-0.155029,0.134095)   (0.0318052,0.0358265)   (-0.142851,0.0178773)   (-0.00513167,0.0727633)   (-0.0973344,-0.0321511)   (-0.0463198,0.0681869)   (-0.0616766,-0.0484612)   (-0.0786802,0.0422985)   (-0.0389431,-0.0434854)   (-0.0786802,-0.00993811)   (-0.0667457,-0.0631819)   (-0.0352712,-0.03125)   (-0.105791,-0.341279)   
(0.476563,-2.81286e-16)   (-0.101563,0.392761)   (-0.0234375,9.02056e-17)   (-0.101563,0.116922)   (-0.0234375,-1.38778e-17)   (-0.101563,0.0522015)   (-0.0234375,-4.02456e-16)   (-0.101562,0.01554)   (-0.0234375,-3.01465e-16)   (-0.101562,-0.01554)   (-0.0234375,-3.05311e-16)   (-0.101562,-0.0522015)   (-0.0234375,-4.16334e-17)   (-0.101562,-0.116922)   (-0.0234375,9.4369e-16)   (-0.101562,-0.392761)   
(0.490292,0.0202015)   (-0.105791,0.341279)   (-0.0352712,0.03125)   (-0.0667457,0.0631819)   (-0.0786802,0.00993811)   (-0.0389431,0.0434854)   (-0.0786802,-0.0422985)   (-0.0616766,0.0484612)   (-0.0463198,-0.0681869)   (-0.0973344,0.0321511)   (-0.00513167,-0.0727633)   (-0.142851,-0.0178773)   (0.0318052,-0.0358265)   (-0.155029,-0.134095)   (0.0161802,0.00993811)   (-0.125823,-0.435945)   
(0.523437,0.015625)   (-0.136031,0.298712)   (-0.012389,0.0525619)   (-0.0709738,-0.00859041)   (-0.101563,0.046875)   (0.00832523,-0.0161093)   (-0.138499,-0.0422985)   (-0.00104127,0.0343835)   (-0.101563,-0.109375)   (-0.0514691,0.0537312)   (-0.034486,-0.146312)   (-0.138623,0.0264363)   (0.0546875,-0.109375)   (-0.195825,-0.117584)   (0.0603744,-0.0202015)   (-0.164362,-0.458479)   
(0.556583,-0.0422985)   (-0.174569,0.258746)   (0.0318052,0.0202015)   (-0.11177,-0.0876014)   (-0.0786802,0.0579235)   (0.0125533,-0.122923)   (-0.167854,-0.03125)   (0.0448241,-0.0496966)   (-0.156805,-0.130687)   (0.00916625,0.00530893)   (-0.0943052,-0.208812)   (-0.091355,0.023531)   (0.0318052,-0.208812)   (-0.200053,-0.108311)   (0.0832567,-0.104013)   (-0.194602,-0.478413)   

f' : 
1   2   3   4   5   6   7   8   9   10   11   12   13   14   15   16   
2   3   4   5   6   7   8   9   -3.44169e-15   1   2   3   4   5   6   7   
3   3   4   5   6   8   9   -5.10703e-15   1   1   2   3   4   5   6   7   
4   3   4   5   6   8   9   -1.44329e-15   1   1   2   3   4   5   6   7   
5   3   4   5   6   8   9   -3.77476e-15   1   1   2   3   4   5   6   7   
6   3   4   5   6   8   9   -6.66134e-15   1   1   2   3   4   5   6   7   
7   3   4   5   6   8   9   -5.44009e-15   1   1   2   3   4   5   6   7   
8   3   4   5   6   8   9   1.9984e-15   1   1   2   3   4   5   6   7   

H : 
(4.16406,0)   (0.202186,0.797206)   (-0.461033,0.829005)   (0.272281,0.0979643)   (-0.351563,-0.078125)   (0.218891,0.316389)   (0.179783,-0.34287)   (-0.130859,0.203131)   (0.476563,-7.27405e-16)   (-0.130859,-0.203131)   (0.179783,0.34287)   (0.218891,-0.316389)   (-0.351562,0.078125)   (0.272281,-0.0979643)   (-0.461033,-0.829005)   (0.202186,-0.797206)   
(0.351792,0.20257)   (-0.137583,0.51364)   (0.100777,0.226333)   (-0.135682,0.0971466)   (-0.14118,0.205021)   (-0.0317286,0.0753478)   (-0.133368,0.00166565)   (-0.0738806,0.0975719)   (0.00836772,0.0272288)   (-0.0693329,0.00531598)   (-0.0741038,0.102118)   (0.0247366,0.0224917)   (-0.110715,-0.0560279)   (-0.0410347,0.0809022)   (0.12343,-0.105354)   (-0.160494,-0.288863)   
(0.726563,0.25)   (0.0824164,0.402177)   (-0.0722081,-0.0853823)   (-0.254865,0.204177)   (0.0703125,0.109375)   (-0.210756,-0.0868741)   (-0.167854,0.191291)   (-0.00911294,-0.0853533)   (-0.257812,-0.078125)   (-0.0260632,0.0367583)   (-0.00591687,-0.195868)   (-0.106405,-0.00988009)   (0.117188,8.04912e-16)   (-0.0643476,-0.0708116)   (-0.0352712,0.0587087)   (-0.285866,-0.140194)   
(0.616958,-0.313055)   (-0.362965,0.0609431)   (-0.0228823,0.329791)   (0.0248037,0.0935436)   (-0.15491,0.100222)   (-0.0992492,0.169182)   (-0.0539023,0.0388325)   (-0.161325,0.0306551)   (-0.102118,0.105354)   (-0.0573399,-0.00380473)   (-0.18593,-0.0272288)   (-0.0991374,0.0504127)   (-0.0306948,-0.138729)   (-0.135126,-0.110473)   (0.0584788,0.00836772)   (0.265339,-0.186905)   
(0.945313,-5.74053e-18)   (-0.103033,0.12374)   (-0.191291,-0.130917)   (-0.166029,0.155088)   (0.101562,-0.03125)   (-0.196352,-0.0769309)   (-0.0587087,0.197208)   (0.0279138,-0.108279)   (-0.273438,-5.6839e-16)   (0.0279138,0.108279)   (-0.0587087,-0.197208)   (-0.196352,0.0769309)   (0.101563,0.03125)   (-0.166029,-0.155088)   (-0.191291,0.130917)   (-0.103033,-0.12374)   
(0.616958,0.313055)   (0.265339,0.186905)   (0.0584788,-0.00836772)   (-0.135126,0.110473)   (-0.0306948,0.138729)   (-0.0991374,-0.0504127)   (-0.18593,0.0272288)   (-0.0573399,0.00380473)   (-0.102118,-0.105354)   (-0.161325,-0.0306551)   (-0.0539023,-0.0388325)   (-0.0992492,-0.169182)   (-0.15491,-0.100222)   (0.0248037,-0.0935436)   (-0.0228823,-0.329791)   (-0.362965,-0.0609431)   
(0.726562,-0.25)   (-0.285866,0.140194)   (-0.0352712,-0.0587087)   (-0.0643476,0.0708116)   (0.117187,3.05311e-16)   (-0.106405,0.00988009)   (-0.00591687,0.195868)   (-0.0260632,-0.0367583)   (-0.257813,0.078125)   (-0.00911294,0.0853533)   (-0.167854,-0.191291)   (-0.210756,0.0868741)   (0.0703125,-0.109375)   (-0.254865,-0.204177)   (-0.0722081,0.0853823)   (0.0824164,-0.402177)   
(0.351792,-0.20257)   (-0.160494,0.288863)   (0.12343,0.105354)   (-0.0410347,-0.0809022)   (-0.110715,0.0560279)   (0.0247366,-0.0224917)   (-0.0741038,-0.102118)   (-0.0693329,-0.00531598)   (0.00836772,-0.0272288)   (-0.0738806,-0.0975719)   (-0.133368,-0.00166565)   (-0.0317286,-0.0753478)   (-0.14118,-0.205021)   (-0.135682,-0.0971466)   (0.100777,-0.226333)   (-0.137583,-0.51364)   

h' : 
1   2   3   4   5   6   7   8   9   10   11   12   13   14   15   16   
2   -5.21805e-15   7.32747e-15   -8.43769e-15   2.22045e-15   -4.44089e-15   9   1.66533e-15   1   2   3   4   5   6   7   1   
3   -4.88498e-15   5.21805e-15   -7.88258e-15   4.44089e-16   -5.9952e-15   9   2.10942e-15   1   2   3   4   5   6   7   2   
4   3   4   5   6   8   9   -2.44249e-15   1   1   2   3   4   5   6   7   
5   3   4   5   6   8   1   1   3   4   5   6   7   8   5   3   
6   -5.71765e-15   7.77156e-16   -1.26565e-14   -4.88498e-15   -1.46549e-14   9   1.11022e-15   1   2   3   4   5   6   7   4   
7   3   4   5   6   8   9   -4.27436e-15   1   2   3   4   5   6   7   5   
8   -1.27676e-15   2.22045e-15   -8.54872e-15   -1.33227e-15   -1.06581e-14   9   8.77076e-15   1   2   3   4   5   6   7   6   

G : 
(20.3323,0)   (0.221758,0.370325)   (-0.533655,-0.97029)   (0.0796256,0.12226)   (0.120544,0.0152588)   (-0.13122,0.0872547)   (-0.0283567,-0.0334007)   (0.00268838,-0.0675122)   (0.0632935,-9.12535e-16)   (0.00268838,0.0675122)   (-0.0283567,0.0334007)   (-0.13122,-0.0872547)   (0.120544,-0.0152588)   (0.0796256,-0.12226)   (-0.533655,0.97029)   (0.221758,-0.370325)   
(0.187233,0.127627)   (-0.218958,-0.165777)   (-0.0151512,0.0293259)   (0.0166216,-0.0341304)   (-0.047301,-0.0229594)   (0.00467158,-0.00613679)   (0.0122295,-0.0280058)   (-0.000159206,0.0012866)   (-0.00487054,-0.00317606)   (-0.00337197,-0.00320733)   (0.00924742,-0.0194566)   (-0.00245422,0.00332305)   (0.00546578,0.0108213)   (-0.0025007,-0.0126371)   (0.00179741,-0.00584426)   (-0.0467247,0.0919538)   
(0.384216,0.119507)   (-0.197936,-0.0283163)   (-0.00263468,-0.00661361)   (0.0259011,-0.0699511)   (-0.00811768,0.0136719)   (0.026919,0.0176144)   (-0.0221996,-0.0311559)   (-0.0041171,0.0048827)   (0.034729,-0.0202637)   (0.00129102,0.000857869)   (0.0091044,0.0268773)   (-0.000726688,-0.00179638)   (-0.0119019,-0.00549316)   (0.00517529,0.004473)   (0.00352282,0.00112658)   (-0.00299093,0.104462)   
(0.296165,-0.165952)   (0.0191016,-0.165901)   (0.00290726,0.00556349)   (-0.016389,-0.0111759)   (-0.00851754,-0.00236228)   (0.0111534,-0.0259422)   (-0.00254898,-0.00412139)   (0.0166881,0.002203)   (-0.00245367,-0.0118431)   (0.00335215,0.00301343)   (0.0157807,-0.00572219)   (0.00605293,0.0023478)   (0.00103636,0.0112203)   (0.00203915,0.0159111)   (-0.00180113,-0.0021226)   (-0.091857,-0.0707816)   
(0.4505,-2.68639e-16)   (-0.0381362,-0.0530346)   (0.00448339,0.00306836)   (-0.00127093,-0.0351637)   (-0.00238037,0.000732422)   (0.0239579,-0.00243654)   (0.00137599,-0.00462207)   (-0.00115233,0.0114309)   (0.00640869,9.57535e-17)   (-0.00115233,-0.0114309)   (0.00137599,0.00462207)   (0.0239579,0.00243654)   (-0.00238037,-0.000732422)   (-0.00127093,0.0351637)   (0.00448339,-0.00306836)   (-0.0381362,0.0530346)   
(0.296165,0.165952)   (-0.091857,0.0707816)   (-0.00180113,0.0021226)   (0.00203915,-0.0159111)   (0.00103636,-0.0112203)   (0.00605293,-0.0023478)   (0.0157807,0.00572219)   (0.00335215,-0.00301343)   (-0.00245367,0.0118431)   (0.0166881,-0.002203)   (-0.00254898,0.00412139)   (0.0111534,0.0259422)   (-0.00851754,0.00236228)   (-0.016389,0.0111759)   (0.00290726,-0.00556349)   (0.0191016,0.165901)   
(0.384216,-0.119507)   (-0.00299093,-0.104462)   (0.00352282,-0.00112658)   (0.00517529,-0.004473)   (-0.0119019,0.00549316)   (-0.000726688,0.00179638)   (0.0091044,-0.0268773)   (0.00129102,-0.000857869)   (0.034729,0.0202637)   (-0.0041171,-0.0048827)   (-0.0221996,0.0311559)   (0.026919,-0.0176144)   (-0.00811768,-0.0136719)   (0.0259011,0.0699511)   (-0.00263468,0.00661361)   (-0.197936,0.0283163)   
(0.187233,-0.127627)   (-0.0467247,-0.0919538)   (0.00179741,0.00584426)   (-0.0025007,0.0126371)   (0.00546578,-0.0108213)   (-0.00245422,-0.00332305)   (0.00924742,0.0194566)   (-0.00337197,0.00320733)   (-0.00487054,0.00317606)   (-0.000159206,-0.0012866)   (0.0122295,0.0280058)   (0.00467158,0.00613679)   (-0.047301,0.0229594)   (0.0166216,0.0341304)   (-0.0151512,-0.0293259)   (-0.218958,0.165777)   

g : 
21.0625   22.6797   23.9687   24.4141   23.8672   22.7344   21.75   20.8125   22.2344   23.5703   24.4375   24.7656   23.7969   20.6875   20.0234   19.4844   
19.3203   20.375   21.2969   21.4531   20.7344   19.5391   17.1328   15.6406   18.2031   19.9531   21.2109   21.8516   21.1172   18.1641   18.25   18.4453   
19.0312   20.0703   21.0234   21.2109   20.5703   19.3516   16.1172   16.0625   18.3203   20.0391   21.25   21.7734   20.9922   18.6875   17.9766   18.3594   
20.8437   21.4609   22   21.6953   20.4297   18.4297   15.7578   15.8906   18.3203   20.4453   22.0859   23.1875   23.1484   20.9688   20.375   20.2266   
20.4766   21.25   21.9922   21.9219   20.8672   18.7187   17.4453   16.875   19.2266   21.1641   22.6094   23.6484   23.5625   19.9297   19.7266   19.9375   
19.0156   20.0078   20.9297   21.1172   20.4297   18.7813   16.5703   16.6641   18.875   20.7109   21.9609   22.6562   22.0625   18.5391   18.7344   18.8281   
20.5859   21.4141   22   21.7422   20.5312   18.4844   16.3828   16.7188   18.875   20.9531   22.5156   23.5391   23.4219   21.1641   20.6406   20.6563   
18.5312   19.8672   20.7891   20.9453   20.2109   18.8125   16.6172   17.1797   19.2813   21.1328   22.3828   23.0156   22.4297   19.5469   18.9922   18.8672   

g' : 
21.0625   22.6797   23.9688   24.4141   23.8672   22.7344   21.75   20.8125   22.2344   23.5703   24.4375   24.7656   23.7969   20.6875   20.0234   19.4844   
19.3203   20.375   21.2969   21.4531   20.7344   19.5391   17.1328   15.6406   18.2031   19.9531   21.2109   21.8516   21.1172   18.1641   18.25   18.4453   
19.0313   20.0703   21.0234   21.2109   20.5703   19.3516   16.1172   16.0625   18.3203   20.0391   21.25   21.7734   20.9922   18.6875   17.9766   18.3594   
20.8438   21.4609   22   21.6953   20.4297   18.4297   15.7578   15.8906   18.3203   20.4453   22.0859   23.1875   23.1484   20.9688   20.375   20.2266   
20.4766   21.25   21.9922   21.9219   20.8672   18.7188   17.4453   16.875   19.2266   21.1641   22.6094   23.6484   23.5625   19.9297   19.7266   19.9375   
19.0156   20.0078   20.9297   21.1172   20.4297   18.7813   16.5703   16.6641   18.875   20.7109   21.9609   22.6563   22.0625   18.5391   18.7344   18.8281   
20.5859   21.4141   22   21.7422   20.5313   18.4844   16.3828   16.7188   18.875   20.9531   22.5156   23.5391   23.4219   21.1641   20.6406   20.6563   
18.5313   19.8672   20.7891   20.9453   20.2109   18.8125   16.6172   17.1797   19.2813   21.1328   22.3828   23.0156   22.4297   19.5469   18.9922   18.8672   

SSD error : 1.58687e-26
